22521503288
22521502737
22521425708
22521425158
22521243133
22521242518
22521148236
22521147757
22520978656
22520977777
22520962077
22520961347
22520080842
22520080070
22519551940
22519551054
22519467348
22519466752
22519386637
22519385896
22521503288
22521502737
22521425708
22521425158
22521243133
22521242518
22521148236
22521147757
22520978656
22520977777
22520962077
22520961347
22520080842
22520080070
22519551940
22519551054
22519467348
22519466752
22519386637
22519385896
22521503288
22521502737
22521425708
22521425158
22521243133
22521242518
22521148236
22521147757
22520978656
22520977777
22520962077
22520961347
22520080842
22520080070
22519551940
22519551054
22519467348
22519466752
22519386637
22519385896
22521503288
22521502737
22521425708
22521425158
22521243133
22521242518
22521148236
22521147757
22520978656
22520977777
22520962077
22520961347
22520080842
22520080070
22519551940
22519551054
22519467348
22519466752
22519386637
22519385896
22521503288
22521502737
22521425708
22521425158
22521243133
22521242518
22521148236
22521147757
22520978656
22520977777
22520962077
22520961347
22520080842
22520080070
22519551940
22519551054
22519467348
22519466752
22519386637
22519385896
22521815412
22521815052
22521503288
22521502737
22521425708
22521425158
22521243133
22521242518
22521148236
22521147757
22520978656
22520977777
22520962077
22520961347
22520080842
22520080070
22519551940
22519551054
22519467348
22519466752
22521815412
22521815052
22521503288
22521502737
22521425708
22521425158
22521243133
22521242518
22521148236
22521147757
22520978656
22520977777
